0 0 0 0 0 0 0 0 0 0 0 0 0 0 0 0 0 0 0 0 0 0 0 0 0 0 0 0 0 0 
0 0 0 0 0 0 0 0 0 0 0 0 0 0 0 0 0 0 0 0 0 0 0 0 0 0 0 0 0 0 
0.0001024 7.52e-05 0.0001024 0.0001776 0.0001024 7.52e-05 0.0001024 0.0001024 0.0002048 0.0001536 0.0001024 0.0001024 0.0002048 0.0001024 0.0001024 0.0001024 0.0002048 0.0001536 0 0 0 0 0 0 0 0 0 0 0 0 
0.0001024 7.52e-05 0.0001024 0.0001776 0.0001024 7.52e-05 0.0001024 0.0001024 0.0002048 0.0001536 0.0001024 0.0001024 0.0002048 0.0001024 0.0001024 0.0001024 0.0002048 0.0001536 0 0 0 0 0 0 0 0 0 0 0 0 
0.0001024 7.52e-05 0.0001024 0.0001776 0.0001024 7.52e-05 0.0001024 0.0001024 0.0002048 0.0001536 0.0001024 0.0001024 0.0002048 0.0001024 0.0001024 0.0001024 0.0002048 0.0001536 0 0 0 0 0 0 0 0 0 0 0 0 
0.0001024 7.52e-05 0.0001024 0.0001776 0.0001024 7.52e-05 0.0001024 0.0001024 0.0002048 0.0001536 0.0001024 0.0001024 0.0002048 0.0001024 0.0001024 0.0001024 0.0002048 0.0001536 0 0 0 0 0 0 0 0 0 0 0 0 
0.0529024 7.52e-05 0.107302 0.0001776 0.0609024 7.52e-05 0.0033024 0.0001024 0.0546048 0.0001536 0.0585024 0.0001024 0.0570048 0.0001024 0.0569024 0.0001024 0.0578048 0.0001536 0 0.0032 0.056 0 0.008 0.0608 0.0624 0.0016 0.06 0.0576 0.0088 0.0576 
0.0577024 7.52e-05 0.096 0.0001776 0.0616 7.52e-05 0.0041024 0.0001024 0.0538048 0.0001536 0.0633024 0.0001024 0.0593536 0.0001024 0.0576512 0.0001024 0.0593024 0.0001536 0 0.004 0.056 0 0.0056 0.0592 0.0608 0.0024 0.0576 0.0568 0.008 0.06 
0.0553024 7.52e-05 0.0616512 0.0001776 0.0601024 7.52e-05 0.0033024 0.0001024 0.0562048 0.0001536 0.0592512 0.0001024 0.0593024 0.0001024 0.0584512 0.0001024 0.0569536 0.0001536 0 0.0032 0.0584 0 0.0072 0.0624 0.0616 0.0024 0.0608 0.0592 0.0096 0.0584 
0.0569024 7.52e-05 0.0616 0.0001776 0.0608 7.52e-05 0.0041024 0.0001024 0.0570048 0.0001536 0.0673024 0.0001024 0.0609536 0.0001024 0.0577024 0.0001024 0.0585536 0.0001536 0 0.004 0.0552 0 0.0096 0.06 0.0584 0.0024 0.0576 0.0584 0.008 0.0584 
0.0569024 7.52e-05 0.0616512 0.0001776 0.0688 7.52e-05 0.0049024 0.0001024 0.0538048 0.0001536 0.0585024 0.0001024 0.0577536 0.0001024 0.0600512 0.0001024 0.0585024 0.0001536 0 0.0048 0.056 0 0.0072 0.0592 0.0608 0.0024 0.0584 0.056 0.008 0.0592 
0.0569024 7.52e-05 0.0624512 0.0001776 0.0616 7.52e-05 0.0057024 0.0001024 0.0554048 0.0001536 0.0608512 0.0001024 0.0609024 0.0001024 0.06 0.0001024 0.0608 0.0001536 0 0.0056 0.0576 0 0.0088 0.0616 0.06 0.0008 0.0584 0.0576 0.0104 0.0584 
0.0545024 7.52e-05 0.0608 0.0001776 0.06 7.52e-05 0.0041024 0.0001024 0.0562048 0.0001536 0.0601536 0.0001024 0.0578048 0.0001024 0.0600512 0.0001024 0.0609024 0.0001536 0 0.004 0.0552 0 0.0096 0.0584 0.0624 0.0032 0.0584 0.0592 0.0096 0.0568 
0.0577024 7.52e-05 0.0616512 0.0001776 0.0592 7.52e-05 0.0041024 0.0001024 0.0538048 0.0001536 0.0664512 0.0001024 0.0609024 0.0001024 0.0568512 0.0001024 0.0569024 0.0001536 0 0.004 0.0576 0 0.0048 0.0624 0.0624 0.0016 0.06 0.0552 0.0096 0.0584 
0.0553024 7.52e-05 0.0616512 0.0001776 0.0616 7.52e-05 0.0041024 0.0001024 0.0562048 0.0001536 0.0553024 0.0001024 0.0601536 0.0001024 0.0608512 0.0001024 0.0601024 0.0001536 0 0.004 0.0552 0 0.0056 0.0648 0.06 0.0016 0.0584 0.056 0.0096 0.0584 
0.0561024 7.52e-05 0.0624512 0.0001776 0.0617024 7.52e-05 0.0025024 0.0001024 0.0554048 0.0001536 0.0649024 0.0001024 0.0585536 0.0001024 0.0584512 0.0001024 0.0569024 0.0001536 0 0.0024 0.0576 0 0.004 0.0592 0.0616 0 0.06 0.06 0.0064 0.0584 
0.0553024 7.52e-05 0.0632 0.0001776 0.0592 7.52e-05 0.0025024 0.0001024 0.0530048 0.0001536 0.0640512 0.0001024 0.0601024 0.0001024 0.06 0.0001024 0.0616512 0.0001536 0 0.0024 0.0568 0 0.008 0.06 0.06 0 0.0568 0.0576 0.0104 0.0584 
0.0577024 7.52e-05 0.0616 0.0001776 0.0689024 7.52e-05 0.0057024 0.0001024 0.0530048 0.0001536 0.0537024 0.0001024 0.0569536 0.0001024 0.0592512 0.0001024 0.0577536 0.0001536 0 0.0056 0.0552 0 0.0096 0.0632 0.0624 0.0008 0.0592 0.0576 0.0072 0.0568 
0.0553024 7.52e-05 0.0616512 0.0001776 0.0584 7.52e-05 0.0017024 0.0001024 0.0546048 0.0001536 0.0560512 0.0001024 0.0568512 0.0001024 0.0568512 0.0001024 0.0617024 0.0001536 0 0.0016 0.056 0 0.0112 0.0584 0.0568 0.0032 0.0592 0.0568 0.0104 0.0592 
0.056 7.52e-05 0.0608512 0.0001776 0.06 7.52e-05 0.0017024 0.0001024 0.0537536 0.0001536 0.0641024 0.0001024 0.0593536 0.0001024 0.0609024 0.0001024 0.0602048 0.0001536 0 0.0016 0.056 0 0.0088 0.0608 0.0592 0.0016 0.0592 0.056 0.0096 0.0584 
0.0569024 7.52e-05 0.0624512 0.0001776 0.064 7.52e-05 0.0033024 0.0001024 0.0522048 0.0001536 0.0568512 0.0001024 0.0577024 0.0001024 0.0608512 0.0001024 0.0601024 0.0001536 0 0.0032 0.0576 0 0.0048 0.0672 0.0624 0.0024 0.0592 0.0568 0.0096 0.056 
0.0561024 7.52e-05 0.0616512 0.0001776 0.0584 7.52e-05 0.0033024 0.0001024 0.0554048 0.0001536 0.0609024 0.0001024 0.0585536 0.0001024 0.0584512 0.0001024 0.0585024 0.0001536 0 0.0032 0.056 0 0.0112 0.0568 0.06 0.0008 0.0584 0.0592 0.008 0.0584 
0.0553024 7.52e-05 0.0624 0.0001776 0.0625024 7.52e-05 0.0033024 0.0001024 0.0546048 0.0001536 0.0656512 0.0001024 0.0585024 0.0001024 0.0584512 0.0001024 0.0601536 0.0001536 0 0.0032 0.0552 0 0.0064 0.0608 0.0592 0.0016 0.0592 0.0576 0.0072 0.0568 
0.0569024 7.52e-05 0.0632 0.0001776 0.0633024 7.52e-05 0.0041024 0.0001024 0.0538048 0.0001536 0.0560512 0.0001024 0.0601024 0.0001024 0.0608 0.0001024 0.0592512 0.0001536 0 0.004 0.0568 0 0.0064 0.0608 0.06 0.0016 0.0584 0.0584 0.0112 0.0592 
0.0577024 7.52e-05 0.0608 0.0001776 0.0593024 7.52e-05 0.0049024 0.0001024 0.0546048 0.0001536 0.0616512 0.0001024 0.0625024 0.0001024 0.0584512 0.0001024 0.0617536 0.0001536 0 0.0048 0.0568 0 0.0112 0.0592 0.0576 0.0016 0.0608 0.0592 0.0112 0.0584 
0.0553024 7.52e-05 0.0624 0.0001776 0.0617024 7.52e-05 0.0049024 0.0001024 0.0530048 0.0001536 0.0648512 0.0001024 0.0569024 0.0001024 0.0600512 0.0001024 0.0577536 0.0001536 0 0.0048 0.056 0 0.0048 0.0608 0.0616 0.0008 0.0592 0.0584 0.0072 0.0592 
0.0553024 7.52e-05 0.0624 0.0001776 0.0609024 7.52e-05 0.0025024 0.0001024 0.0570048 0.0001536 0.0577024 0.0001024 0.0585536 0.0001024 0.0600512 0.0001024 0.0609536 0.0001536 0 0.0024 0.0568 0 0.004 0.06 0.0608 0.0024 0.0624 0.0568 0.008 0.0592 
0.0545024 7.52e-05 0.0624512 0.0001776 0.0656 7.52e-05 0.0025024 0.0001024 0.0538048 0.0001536 0.0648512 0.0001024 0.0593024 0.0001024 0.0584 0.0001024 0.0576 0.0001536 0 0.0024 0.0576 0 0.0048 0.064 0.06 0.0016 0.0568 0.0576 0.0072 0.0592 
0.0577024 7.52e-05 0.0632 0.0001776 0.0648 7.52e-05 0.0017024 0.0001024 0.0538048 0.0001536 0.0609024 0.0001024 0.0609536 0.0001024 0.0592512 0.0001024 0.0577024 0.0001536 0 0.0016 0.056 0 0.0096 0.06 0.06 0.0016 0.0592 0.0568 0.0096 0.0584 
0.0545024 7.52e-05 0.0640512 0.0001776 0.0624 7.52e-05 0.0041024 0.0001024 0.0522048 0.0001536 0.0584512 0.0001024 0.0553024 0.0001024 0.0592512 0.0001024 0.0593024 0.0001536 0 0.004 0.0552 0 0.008 0.0608 0.0608 0.0032 0.0584 0.056 0.0088 0.0608 
0.0545024 7.52e-05 0.0632 0.0001776 0.0585024 7.52e-05 0.0017024 0.0001024 0.0546048 0.0001536 0.0624 0.0001024 0.0616 0.0001024 0.0584512 0.0001024 0.0601536 0.0001536 0 0.0016 0.0544 0 0.0072 0.06 0.0608 0.0024 0.0584 0.0576 0.0128 0.0584 
0.0561024 7.52e-05 0.0616 0.0001776 0.0665024 7.52e-05 0.0049024 0.0001024 0.0570048 0.0001536 0.0577024 0.0001024 0.0609536 0.0001024 0.06 0.0001024 0.0576512 0.0001536 0 0.0048 0.0576 0 0.004 0.0608 0.0616 0.0032 0.0584 0.056 0.0112 0.0584 
0.0577024 7.52e-05 0.0624512 0.0001776 0.0593024 7.52e-05 0.0025024 0.0001024 0.0538048 0.0001536 0.0633024 0.0001024 0.0569536 0.0001024 0.0600512 0.0001024 0.0593536 0.0001536 0 0.0024 0.0568 0 0.0056 0.0624 0.0584 0.0016 0.0608 0.0592 0.0104 0.06 
0.0561024 7.52e-05 0.0616512 0.0001776 0.0736 7.52e-05 0.0089024 0.0001024 0.0554048 0.0001536 0.0584512 0.0001024 0.0617024 0.0001024 0.0592512 0.0001024 0.0585024 0.0001536 0 0.0088 0.0544 0 0.0096 0.0576 0.0616 0.0016 0.0568 0.0592 0.0064 0.0584 
0.0592 7.52e-05 0.0624512 0.0001776 0.0616 7.52e-05 0.0057024 0.0001024 0.0545536 0.0001536 0.0593024 0.0001024 0.0553536 0.0001024 0.0617024 0.0001024 0.0594048 0.0001536 0 0.0056 0.0568 0 0.0088 0.0616 0.06 0.0024 0.06 0.056 0.0096 0.0584 
0.0569024 7.52e-05 0.0616512 0.0001776 0.0584 7.52e-05 0.0064512 0.0001024 0.0561536 0.0001536 0.0601024 0.0001024 0.0602048 0.0001024 0.0592 0.0001024 0.06 0.0001536 0 0.0064 0.056 0 0.0064 0.0608 0.0616 0.0016 0.0592 0.0584 0.0104 0.0568 
0.0561024 7.52e-05 0.0608512 0.0001776 0.0584 7.52e-05 0.0064512 0.0001024 0.0545024 0.0001536 0.0584512 0.0001024 0.0569024 0.0001024 0.0592512 0.0001024 0.0609024 0.0001536 0 0.0064 0.0552 0 0.0048 0.0616 0.0568 0.0016 0.0576 0.0584 0.0152 0.0592 
0.0569024 7.52e-05 0.0616512 0.0001776 0.0584 7.52e-05 0.0049024 0.0001024 0.0538048 0.0001536 0.0633024 0.0001024 0.0593536 0.0001024 0.0568512 0.0001024 0.0657024 0.0001536 0 0.0048 0.0568 0 0.0032 0.0616 0.0592 0 0.0608 0.0576 0.0168 0.0552 
0.0569024 7.52e-05 0.0632 0.0001776 0.0641024 7.52e-05 0.0033024 0.0001024 0.0546048 0.0001536 0.0641024 0.0001024 0.0585536 0.0001024 0.0592 0.0001024 0.0592512 0.0001536 0 0.0032 0.0576 0 0.0064 0.0624 0.06 0.0008 0.0568 0.0608 0.0152 0.0568 
0.0561024 7.52e-05 0.0624512 0.0001776 0.0665024 7.52e-05 0.0049024 0.0001024 0.0554048 0.0001536 0.0592512 0.0001024 0.0584512 0.0001024 0.06 0.0001024 0.0592 0.0001536 0 0.0048 0.0552 0 0.0048 0.06 0.0592 0.0024 0.0584 0.0584 0.0144 0.0608 
0.0553024 7.52e-05 0.0624512 0.0001776 0.068 7.52e-05 0.0057024 0.0001024 0.0538048 0.0001536 0.0617024 0.0001024 0.0562048 0.0001024 0.0584512 0.0001024 0.0593536 0.0001536 0 0.0056 0.0552 0 0.0032 0.0608 0.0592 0 0.0576 0.0592 0.0128 0.0584 
0.0553024 7.52e-05 0.0608512 0.0001776 0.0656 7.52e-05 0.0025024 0.0001024 0.0546048 0.0001536 0.0601024 0.0001024 0.0585536 0.0001024 0.0593024 0.0001024 0.0626048 0.0001536 0 0.0016 0.056 0 0.0048 0.0632 0.0608 0.0024 0.0568 0.0568 0.0112 0.0584 
0.0537024 7.52e-05 0.0616 0.0001776 0.0592 7.52e-05 0.0057024 0.0001024 0.0538048 0.0001536 0.0609024 0.0001024 0.0609536 0.0001024 0.0624 0.0001024 0.0616 0.0001536 0 0.0064 0.0576 0 0.0032 0.0608 0.0592 0.0008 0.0592 0.0592 0.0112 0.0584 
0.0577024 7.52e-05 0.0624 0.0001776 0.0552 7.52e-05 0.0057024 0.0001024 0.0546048 0.0001536 0.0577024 0.0001024 0.0561536 0.0001024 0.0624512 0.0001024 0.0545024 0.0001536 0 0.0056 0.0552 0 0.0104 0.0616 0.0616 0.0008 0.0584 0.0592 0.0144 0.0592 
0.0561024 7.52e-05 0.0624 0.0001776 0.0625024 7.52e-05 0.0057024 0.0001024 0.0546048 0.0001536 0.0592512 0.0001024 0.0593024 0.0001024 0.0584 0.0001024 0.0616 0.0001536 0 0.0056 0.056 0 0.0088 0.0624 0.056 0.0008 0.0592 0.0576 0.0128 0.0576 
0.0553024 7.52e-05 0.0616512 0.0001776 0.0624 7.52e-05 0.0049024 0.0001024 0.0554048 0.0001536 0.0608 0.0001024 0.0592 0.0001024 0.0608512 0.0001024 0.0577536 0.0001536 0 0.0048 0.0568 0 0.004 0.0608 0.0592 0.0024 0.0584 0.056 0.0096 0.0592 
0.0561024 7.52e-05 0.0616512 0.0001776 0.0624 7.52e-05 0.0049024 0.0001024 0.0514048 0.0001536 0.0576512 0.0001024 0.0569024 0.0001024 0.0616 0.0001024 0.0608 0.0001536 0 0.0048 0.056 0 0.0064 0.0616 0.0608 0.0016 0.06 0.0584 0.0136 0.0576 
0.0569024 7.52e-05 0.0608512 0.0001776 0.0641024 7.52e-05 0.0057024 0.0001024 0.0538048 0.0001536 0.0609024 0.0001024 0.0601536 0.0001024 0.0584512 0.0001024 0.0609024 0.0001536 0 0.0056 0.056 0 0.0064 0.06 0.0568 0.0008 0.0584 0.0592 0.0136 0.0592 
0.056 7.52e-05 0.0648 0.0001776 0.056 7.52e-05 0.0073024 0.0001024 0.0545536 0.0001536 0.0632512 0.0001024 0.0585024 0.0001024 0.0616512 0.0001024 0.0577536 0.0001536 0 0.0072 0.0576 0 0.0048 0.0608 0.06 0.0024 0.0584 0.0592 0.0136 0.0552 
0.0569024 7.52e-05 0.0616512 0.0001776 0.0648 7.52e-05 0.0057024 0.0001024 0.0538048 0.0001536 0.0609024 0.0001024 0.0585536 0.0001024 0.0592 0.0001024 0.064 0.0001536 0 0.0056 0.0544 0 0.0064 0.0608 0.06 0.0008 0.0592 0.0592 0.0128 0.0568 
0.06 7.52e-05 0.0592512 0.0001776 0.0544 7.52e-05 0.0113024 0.0001024 0.0553536 0.0001536 0.0673024 0.0001024 0.0577536 0.0001024 0.0616 0.0001024 0.06 0.0001536 0 0.0112 0.0552 0 0.0072 0.0584 0.0584 0.0008 0.0584 0.0568 0.012 0.0584 
0.0561024 7.52e-05 0.0632 0.0001776 0.0704 7.52e-05 0.0057024 0.0001024 0.0546048 0.0001536 0.0601024 0.0001024 0.0577536 0.0001024 0.0568512 0.0001024 0.0601024 0.0001536 0 0.0056 0.0568 0 0.0024 0.064 0.06 0.0016 0.0592 0.0592 0.0152 0.056 
0.0537024 7.52e-05 0.0600512 0.0001776 0.0488 7.52e-05 0.0057024 0.0001024 0.0554048 0.0001536 0.0697024 0.0001024 0.0569536 0.0001024 0.0608512 0.0001024 0.0561024 0.0001536 0 0.0056 0.056 0 0.0072 0.06 0.0608 0.0016 0.0576 0.0576 0.0128 0.0592 
0.0585024 7.52e-05 0.0608 0.0001776 0.0681024 7.52e-05 0.0073024 0.0001024 0.0530048 0.0001536 0.0545024 0.0001024 0.0601536 0.0001024 0.0568 0.0001024 0.0624512 0.0001536 0 0.0072 0.0576 0 0.004 0.064 0.0592 0.0008 0.0544 0.0568 0.0128 0.0592 
0.0561024 7.52e-05 0.0616512 0.0001776 0.0616 7.52e-05 0.0065024 0.0001024 0.0562048 0.0001536 0.0585024 0.0001024 0.0585536 0.0001024 0.0616512 0.0001024 0.0577024 0.0001536 0 0.0064 0.0552 0 0.0064 0.0568 0.0608 0.0016 0.0584 0.0576 0.012 0.0592 
0.0537024 7.52e-05 0.0640512 0.0001776 0.0624 7.52e-05 0.0033024 0.0001024 0.0538048 0.0001536 0.0688512 0.0001024 0.0609024 0.0001024 0.0584512 0.0001024 0.0577024 0.0001536 0 0.0032 0.056 0 0.0032 0.0616 0.06 0 0.0592 0.0584 0.0128 0.0584 
0.0561024 7.52e-05 0.0616512 0.0001776 0.0609024 7.52e-05 0.0057024 0.0001024 0.0538048 0.0001536 0.0569024 0.0001024 0.0569536 0.0001024 0.0592512 0.0001024 0.0601024 0.0001536 0 0.0056 0.0568 0 0.0072 0.0624 0.0584 0 0.0592 0.0576 0.012 0.0576 
0.0577024 7.52e-05 0.06 0.0001776 0.064 7.52e-05 0.0049024 0.0001024 0.0546048 0.0001536 0.0520512 0.0001024 0.0569024 0.0001024 0.0600512 0.0001024 0.0561536 0.0001536 0 0.0048 0.0576 0 0.0064 0.06 0.06 0.0008 0.0568 0.0576 0.0128 0.06 
0.0584 7.52e-05 0.0592512 0.0001776 0.0577024 7.52e-05 0.0081024 0.0001024 0.0545536 0.0001536 0.0624512 0.0001024 0.0601024 0.0001024 0.0592512 0.0001024 0.0625024 0.0001536 0 0.008 0.056 0 0.0056 0.0608 0.0616 0 0.06 0.0576 0.0112 0.0576 
0.0561024 7.52e-05 0.0608 0.0001776 0.0641024 7.52e-05 0.0057024 0.0001024 0.0530048 0.0001536 0.0553536 0.0001024 0.0562048 0.0001024 0.0568512 0.0001024 0.0585536 0.0001536 0 0.0056 0.056 0 0.0032 0.0616 0.0592 0.0016 0.0584 0.0584 0.0168 0.056 
0.0553024 7.52e-05 0.0624 0.0001776 0.064 7.52e-05 0.0065024 0.0001024 0.0538048 0.0001536 0.0608 0.0001024 0.0576 0.0001024 0.0592512 0.0001024 0.0633536 0.0001536 0 0.0064 0.0552 0 0.0056 0.06 0.0608 0.0008 0.0584 0.0592 0.0152 0.0584 
0.0546048 7.52e-05 0.0608 0.0001776 0.0624 7.52e-05 0.0041024 0.0001024 0.053856 0.0001536 0.0617024 0.0001024 0.0601536 0.0001024 0.0608 0.0001024 0.0584 0.0001536 0 0.004 0.0552 0 0.0032 0.064 0.0568 0.0032 0.06 0.0576 0.0144 0.0584 
0.0576 7.52e-05 0.0624512 0.0001776 0.0585024 7.52e-05 0.0065024 0.0001024 0.0537536 0.0001536 0.0641024 0.0001024 0.0561536 0.0001024 0.0608512 0.0001024 0.0593536 0.0001536 0 0.0064 0.056 0 0.004 0.06 0.0624 0.0016 0.0576 0.0576 0.0112 0.0576 
0.0545024 7.52e-05 0.0632 0.0001776 0.0688 7.52e-05 0.0057024 0.0001024 0.0562048 0.0001536 0.0552512 0.0001024 0.0569024 0.0001024 0.0576 0.0001024 0.06 0.0001536 0 0.0056 0.056 0 0.012 0.0592 0.0576 0 0.0576 0.056 0.0136 0.0584 
0.0569024 7.52e-05 0.0616 0.0001776 0.0736 7.52e-05 0.0065024 0.0001024 0.0546048 0.0001536 0.0608512 0.0001024 0.0576512 0.0001024 0.0616 0.0001024 0.0592 0.0001536 0 0.0064 0.056 0 0.0072 0.06 0.0592 0 0.0584 0.06 0.0096 0.0592 
0.0561024 7.52e-05 0.0624512 0.0001776 0.06 7.52e-05 0.0065024 0.0001024 0.0546048 0.0001536 0.0649024 0.0001024 0.0585536 0.0001024 0.0584512 0.0001024 0.0585024 0.0001536 0 0.0056 0.056 0 0.0048 0.0608 0.0632 0.0008 0.0576 0.0592 0.0136 0.0592 
0.0577024 7.52e-05 0.0616512 0.0001776 0.0648 7.52e-05 0.0073024 0.0001024 0.0530048 0.0001536 0.0633024 0.0001024 0.0569536 0.0001024 0.0576512 0.0001024 0.0569024 0.0001536 0 0.008 0.0568 0 0.0024 0.06 0.0576 0.0008 0.0584 0.056 0.0112 0.0576 
0.0537024 7.52e-05 0.0624512 0.0001776 0.0632 7.52e-05 0.0025024 0.0001024 0.0538048 0.0001536 0.0616512 0.0001024 0.0585024 0.0001024 0.0576512 0.0001024 0.0609024 0.0001536 0 0.0024 0.056 0 0.0048 0.0608 0.0592 0 0.0592 0.0584 0.0104 0.0592 
0.0592 7.52e-05 0.0608512 0.0001776 0.0569024 7.52e-05 0.0056 0.0001024 0.0552 0.0001536 0.0576512 0.0001024 0.0609024 0.0001024 0.0584 0.0001024 0.0584 0.0001536 0 0.0048 0.0552 0 0.0064 0.0616 0.0584 0.0016 0.0584 0.0584 0.0136 0.0576 
0.0569024 7.52e-05 0.0616512 0.0001776 0.0616 7.52e-05 0.0089024 0.0001024 0.0530048 0.0001536 0.0617024 0.0001024 0.0577536 0.0001024 0.0584512 0.0001024 0.0593536 0.0001536 0 0.0096 0.0576 0 0.004 0.0616 0.0608 0.0024 0.0576 0.0576 0.0128 0.0592 
0.0584 7.52e-05 0.0624 0.0001776 0.056 7.52e-05 0.0057024 0.0001024 0.0545536 0.0001536 0.0648512 0.0001024 0.0561024 0.0001024 0.0584 0.0001024 0.0616 0.0001536 0 0.0056 0.0544 0 0.0072 0.06 0.0576 0.0008 0.0592 0.0584 0.0168 0.0584 
0.0553024 7.52e-05 0.0600512 0.0001776 0.0553024 7.52e-05 0.0041024 0.0001024 0.0546048 0.0001536 0.0608512 0.0001024 0.0577024 0.0001024 0.0592512 0.0001024 0.0601024 0.0001536 0 0.004 0.0552 0 0.0088 0.0616 0.0608 0.0008 0.06 0.0568 0.016 0.0584 
0.0561024 7.52e-05 0.0608 0.0001776 0.0544 7.52e-05 0.0057024 0.0001024 0.0538048 0.0001536 0.0681024 0.0001024 0.0585536 0.0001024 0.0592 0.0001024 0.0608512 0.0001536 0 0.0056 0.0568 0 0.0056 0.0592 0.0592 0 0.0576 0.0592 0.0192 0.0568 
0.0577024 7.52e-05 0.0632 0.0001776 0.0665024 7.52e-05 0.0112 0.0001024 0.0568512 0.0001536 0.0592512 0.0001024 0.0577024 0.0001024 0.0608 0.0001024 0.0608 0.0001536 0 0.0112 0.0568 0 0.0088 0.0592 0.0552 0.0008 0.0584 0.0576 0.012 0.0568 
0.0561024 7.52e-05 0.0616512 0.0001776 0.0576 7.52e-05 0.0057024 0.0001024 0.0546048 0.0001536 0.0553024 0.0001024 0.0569536 0.0001024 0.0608 0.0001024 0.0608512 0.0001536 0 0.0056 0.0568 0 0.0088 0.0624 0.0608 0 0.0584 0.0576 0.0176 0.0592 
0.0553024 7.52e-05 0.0616512 0.0001776 0.0672 7.52e-05 0.0017024 0.0001024 0.0554048 0.0001536 0.0552512 0.0001024 0.0561024 0.0001024 0.0576512 0.0001024 0.0577024 0.0001536 0 0.0016 0.0568 0 0.0048 0.06 0.0592 0.0008 0.0568 0.0576 0.012 0.0568 
0.0569024 7.52e-05 0.0624512 0.0001776 0.064 7.52e-05 0.0048 0.0001024 0.0560512 0.0001536 0.0656512 0.0001024 0.0593024 0.0001024 0.0592512 0.0001024 0.0585024 0.0001536 0 0.0048 0.0576 0 0.0072 0.0592 0.0592 0.0008 0.06 0.0576 0.008 0.0576 
0.0568 7.52e-05 0.0624 0.0001776 0.0561024 7.52e-05 0.0048 0.0001024 0.0528 0.0001536 0.0608 0.0001024 0.0592 0.0001024 0.0608 0.0001024 0.0592512 0.0001536 0 0.0048 0.0544 0 0.0032 0.0624 0.0592 0.0024 0.0568 0.0576 0.0144 0.0568 
0.0576 7.52e-05 0.0624 0.0001776 0.0617024 7.52e-05 0.0016 0.0001024 0.056 0.0001536 0.0616 0.0001024 0.0592 0.0001024 0.0592512 0.0001024 0.0633536 0.0001536 0 0.0016 0.0552 0 0.004 0.06 0.06 0.0016 0.0584 0.0584 0.0112 0.06 
0.056 7.52e-05 0.0624 0.0001776 0.0616 7.52e-05 0.004 0.0001024 0.0592 0.0001536 0.0657024 0.0001024 0.0561536 0.0001024 0.0576 0.0001024 0.0576 0.0001536 0 0.004 0.0568 0 0.004 0.0608 0.0608 0 0.0592 0.0584 0.0128 0.0584 
0.0576 7.52e-05 0.0632 0.0001776 0.06 7.52e-05 0.0033024 0.0001024 0.0537536 0.0001536 0.0625024 0.0001024 0.0586048 0.0001024 0.0584512 0.0001024 0.0625024 0.0001536 0 0.0032 0.056 0 0.0056 0.0616 0.0568 0.0008 0.0584 0.06 0.012 0.0584 
0.0553024 7.52e-05 0.0608512 0.0001776 0.0688 7.52e-05 0.0057024 0.0001024 0.0530048 0.0001536 0.0529024 0.0001024 0.0577536 0.0001024 0.0616512 0.0001024 0.0553024 0.0001536 0 0.0056 0.0576 0 0.0032 0.0632 0.0648 0.0016 0.0576 0.0568 0.0088 0.0584 
0.0584 7.52e-05 0.0624 0.0001776 0.0561024 7.52e-05 0.0057024 0.0001024 0.0529536 0.0001536 0.0617024 0.0001024 0.0577536 0.0001024 0.0608512 0.0001024 0.0593536 0.0001536 0 0.0056 0.0568 0 0.0064 0.0624 0.0568 0.0016 0.06 0.06 0.0096 0.0576 
0.0553024 7.52e-05 0.0608512 0.0001776 0.0728 7.52e-05 0.0049024 0.0001024 0.0530048 0.0001536 0.0632512 0.0001024 0.0617024 0.0001024 0.0584512 0.0001024 0.0585024 0.0001536 0 0.0048 0.056 0 0.004 0.0584 0.0616 0 0.0576 0.0576 0.0088 0.0576 
0.0561024 7.52e-05 0.0624512 0.0001776 0.068 7.52e-05 0.0057024 0.0001024 0.0530048 0.0001536 0.0592512 0.0001024 0.0593024 0.0001024 0.0592 0.0001024 0.0632 0.0001536 0 0.0056 0.056 0 0.004 0.0624 0.0592 0 0.0576 0.0576 0.0136 0.06 
0.0561024 7.52e-05 0.0624 0.0001776 0.0553024 7.52e-05 0.0049024 0.0001024 0.0546048 0.0001536 0.0641024 0.0001024 0.0593536 0.0001024 0.0592 0.0001024 0.0592512 0.0001536 0 0.0048 0.0552 0 0.0056 0.0608 0.0592 0.004 0.06 0.0576 0.016 0.0592 
0.0546048 7.52e-05 0.0608512 0.0001776 0.0576 7.52e-05 0.0016 0.0001024 0.0552512 0.0001536 0.0641024 0.0001024 0.0585536 0.0001024 0.0576 0.0001024 0.06 0.0001536 0 0.0016 0.0576 0 0.0064 0.0592 0.06 0.0008 0.0576 0.0592 0.0144 0.0576 
0.0592 7.52e-05 0.0616512 0.0001776 0.0584 7.52e-05 0.0057024 0.0001024 0.0538048 0.0001536 0.0665024 0.0001024 0.0561536 0.0001024 0.0584512 0.0001024 0.0609024 0.0001536 0 0.0056 0.056 0 0.008 0.06 0.0584 0 0.0568 0.0592 0.012 0.0592 
0.0585024 7.52e-05 0.0624 0.0001776 0.056 7.52e-05 0.0065024 0.0001024 0.0538048 0.0001536 0.0624512 0.0001024 0.0585024 0.0001024 0.0624512 0.0001024 0.0585024 0.0001536 0 0.0064 0.0584 0 0.0056 0.064 0.06 0.0024 0.0584 0.056 0.0136 0.0568 
0.0569024 7.52e-05 0.0632 0.0001776 0.0672 7.52e-05 0.0048 0.0001024 0.0560512 0.0001536 0.0624512 0.0001024 0.0593024 0.0001024 0.0568 0.0001024 0.064 0.0001536 0 0.0048 0.0544 0 0.008 0.0568 0.0592 0.0008 0.0584 0.0584 0.0144 0.0592 
0.0568 7.52e-05 0.0632 0.0001776 0.0585024 7.52e-05 0.0048 0.0001024 0.0552 0.0001536 0.0608512 0.0001024 0.0569024 0.0001024 0.0600512 0.0001024 0.0593024 0.0001536 0 0.0048 0.0568 0 0.0048 0.064 0.0608 0.0016 0.0576 0.0592 0.0128 0.06 
0.0568 7.52e-05 0.0608512 0.0001776 0.0624 7.52e-05 0.0041024 0.0001024 0.0545536 0.0001536 0.0545024 0.0001024 0.0593536 0.0001024 0.0608512 0.0001024 0.0569536 0.0001536 0 0.004 0.0576 0 0.0072 0.0608 0.0568 0.0016 0.0576 0.0592 0.0136 0.0584 
0.0561024 7.52e-05 0.0616 0.0001776 0.06 7.52e-05 0.0033024 0.0001024 0.0538048 0.0001536 0.0576512 0.0001024 0.0569024 0.0001024 0.0616 0.0001024 0.0616 0.0001536 0 0.0032 0.0568 0 0.008 0.0592 0.06 0.0016 0.0584 0.0568 0.012 0.0592 
0.0537024 7.52e-05 0.0632 0.0001776 0.0616 7.52e-05 0.0041024 0.0001024 0.0554048 0.0001536 0.0641024 0.0001024 0.0545536 0.0001024 0.0592512 0.0001024 0.0617024 0.0001536 0 0.004 0.0568 0 0.0032 0.0632 0.0584 0.0008 0.0568 0.0584 0.0152 0.0576 
0.0568 7.52e-05 0.0624 0.0001776 0.0672 7.52e-05 0.0056 0.0001024 0.0552 0.0001536 0.0616512 0.0001024 0.0600512 0.0001024 0.0576512 0.0001024 0.0569024 0.0001536 0 0.0056 0.0568 0 0.0072 0.0608 0.0576 0.0008 0.0584 0.0592 0.0144 0.0584 
0.0585024 7.52e-05 0.0616512 0.0001776 0.0593024 7.52e-05 0.0065024 0.0001024 0.0546048 0.0001536 0.0585024 0.0001024 0.0593536 0.0001024 0.0584 0.0001024 0.0632512 0.0001536 0 0.0064 0.0568 0 0.0072 0.0592 0.0584 0 0.06 0.0584 0.016 0.0576 
0.056 7.52e-05 0.0624 0.0001776 0.0609024 7.52e-05 0.0057024 0.0001024 0.0561536 0.0001536 0.0577024 0.0001024 0.0577536 0.0001024 0.0608512 0.0001024 0.0601536 0.0001536 0 0.0056 0.0544 0 0.0048 0.0632 0.06 0.0016 0.0576 0.0584 0.012 0.0592 
0.0561024 7.52e-05 0.0624 0.0001776 0.0656 7.52e-05 0.0081024 0.0001024 0.0538048 0.0001536 0.0616512 0.0001024 0.0593024 0.0001024 0.0576512 0.0001024 0.0545024 0.0001536 0 0.008 0.0232 0 0.008 0.0584 0.0472 0.0008 0.0392 0.0408 0.0104 0.0384 
0.0577024 7.52e-05 0.0600512 0.0001776 0.0632 7.52e-05 0.0066048 0.0001024 0.0483072 0.0001536 0.0600512 0.0001024 0.0600512 0.0001024 0.06 0.0001024 0.06 0.0001536 0 0.0056 0 0 0.0056 0.0304 0.0144 0.0016 0.008 0.0104 0.0104 0.0104 
