0 0 0 0 0 0 0 0 0 0 0 0 0 0 0 0 0 0 
2 2 2 2 2 2 3 2 2 2 3 2 2 3 3 2 2 2 
2 2 2 2 2 2 3 2 2 2 3 2 2 3 3 2 2 2 
2 2 2 2 2 2 3 2 2 2 3 2 2 3 3 2 2 2 
2 2 2 2 2 2 3 2 2 2 3 2 2 3 3 2 2 2 
2 2 2 2 7 2 5 2 2 2 3 2 2 3 11 2 2 2 
12 2 2 2 7 2 2 2 5 2 45 2 23 3 11 2 25 2 
13 2 2 2 2 2 7 2 7 2 45 2 30 3 11 2 54 2 
20 2 2 2 2 2 2 2 12 2 -19 2 43 3 -28 2 72 2 
27 2 2 2 2 2 2 2 10 2 -12 2 63 3 -28 2 88 2 
33 2 2 2 2 2 2 2 12 2 -12 2 49 3 -28 2 88 2 
44 2 2 2 2 2 2 2 17 2 21 2 66 3 -28 2 33 2 
44 2 2 2 2 2 2 2 18 2 21 2 88 3 -28 2 45 2 
48 2 2 2 2 2 2 2 24 2 -54 2 87 3 -28 2 61 2 
55 2 2 2 2 2 2 2 22 2 7 2 91 3 -28 2 84 2 
57 2 2 2 -78 2 3 2 27 2 7 2 91 3 -28 2 84 2 
60 2 2 2 16 2 3 2 34 2 20 2 0 3 -28 2 1 2 
58 2 2 2 16 2 3 2 38 2 80 2 0 3 -28 2 13 2 
58 2 2 2 16 2 4 2 41 2 71 2 21 3 -28 2 6 2 
-37 2 2 2 16 2 5 2 48 2 71 2 26 3 -28 2 0 2 
-40 2 2 2 16 2 4 2 55 2 27 2 44 3 -28 2 98 2 
-40 2 2 2 -37 2 2 2 57 2 27 2 49 3 -28 2 98 2 
-30 2 2 2 44 2 4 2 59 2 27 2 55 3 -28 2 2 2 
-27 2 2 2 29 2 2 2 65 2 27 2 50 3 -28 2 21 2 
-29 2 2 2 18 2 4 2 70 2 27 2 59 3 -28 2 28 2 
-21 2 2 2 41 2 2 2 70 2 -28 2 72 3 -28 2 28 2 
-14 2 2 2 41 2 3 2 76 2 -28 2 83 3 -28 2 4 2 
-14 2 2 2 41 2 3 2 82 2 -58 2 83 3 -28 2 1 2 
-12 2 2 2 41 2 2 2 89 2 -58 2 99 3 -28 2 9 2 
-12 2 2 2 62 2 2 2 90 2 -58 2 99 3 -28 2 12 2 
-7 2 2 2 81 2 8 2 87 2 44 2 13 3 -28 2 12 2 
-2 2 2 2 79 2 2 2 92 2 3 2 32 3 -28 2 12 2 
-2 2 2 2 79 2 2 2 97 2 3 2 15 3 -28 2 8 2 
-96 2 2 2 79 2 2 2 96 2 49 2 15 3 -28 2 6 2 
-85 2 2 2 79 2 2 2 99 2 49 2 10 3 -28 2 2 2 
-77 2 2 2 79 2 -97 2 99 2 49 2 98 3 -28 2 16 2 
27 2 2 2 79 2 4 2 4 2 -94 2 82 3 -28 2 15 2 
32 2 2 2 75 2 2 2 8 2 -12 2 82 3 -28 2 15 2 
31 2 2 2 75 2 2 2 11 2 16 2 1 3 -28 2 15 2 
36 2 2 2 -10 2 5 2 17 2 16 2 89 3 -28 2 24 2 
44 2 2 2 -10 2 2 2 18 2 -23 2 91 3 -28 2 12 2 
58 2 2 2 -10 2 2 2 21 2 -18 2 91 3 -28 2 5 2 
59 2 2 2 -10 2 5 2 23 2 3 2 95 3 -28 2 30 2 
50 2 2 2 -10 2 2 2 29 2 3 2 81 3 -28 2 30 2 
57 2 2 2 10 2 3 2 31 2 3 2 81 3 -28 2 8 2 
55 2 2 2 10 2 2 2 33 2 3 2 81 3 -28 2 8 2 
48 2 2 2 10 2 2 2 41 2 -35 2 92 3 -28 2 10 2 
48 2 2 2 11 2 2 2 45 2 -35 2 90 3 -28 2 19 2 
-37 2 2 2 11 2 5 2 47 2 -75 2 92 3 -28 2 19 2 
-37 2 2 2 11 2 2 2 46 2 -46 2 92 3 -28 2 19 2 
-35 2 2 2 11 2 5 2 44 2 27 2 94 3 -28 2 17 2 
-30 2 2 2 11 2 2 2 46 2 -65 2 91 3 -28 2 31 2 
-39 2 2 2 49 2 3 2 46 2 -9 2 90 3 -28 2 31 2 
-40 2 2 2 49 2 2 2 47 2 -13 2 78 3 -28 2 33 2 
-40 2 2 2 49 2 3 2 47 2 -13 2 87 3 -28 2 23 2 
-32 2 2 2 49 2 3 2 47 2 -18 2 86 3 -28 2 15 2 
-32 2 2 2 -9 2 2 2 47 2 -18 2 81 3 -28 2 29 2 
-44 2 2 2 -9 2 2 2 45 2 -18 2 93 3 -28 2 16 2 
-41 2 2 2 12 2 7 2 48 2 -17 2 91 3 -28 2 9 2 
-39 2 2 2 9 2 4 2 45 2 -17 2 91 3 -28 2 13 2 
47 2 2 2 9 2 2 2 50 2 -45 2 80 3 -28 2 13 2 
47 2 2 2 9 2 4 2 47 2 -55 2 83 3 -28 2 26 2 
-41 2 2 2 -21 2 2 2 47 2 -55 2 94 3 -28 2 26 2 
-38 2 2 2 -21 2 1 2 45 2 -63 2 94 3 -28 2 26 2 
-37 2 2 2 -21 2 4 2 43 2 29 2 9 3 -28 2 10 2 
-39 2 2 2 -21 2 5 2 46 2 18 2 10 3 -28 2 27 2 
-37 2 2 2 -21 2 2 2 51 2 18 2 2 3 -28 2 22 2 
-37 2 2 2 -21 2 2 2 51 2 18 2 80 3 -28 2 22 2 
-42 2 2 2 48 2 2 2 47 2 2 2 85 3 -28 2 17 2 
-42 2 2 2 48 2 3 2 47 2 2 2 89 3 -28 2 17 2 
-41 2 2 2 48 2 3 2 46 2 2 2 92 3 -28 2 29 2 
-40 2 2 2 -21 2 2 2 47 2 -27 2 93 3 -28 2 29 2 
-41 2 2 2 -21 2 2 2 47 2 -27 2 88 3 -28 2 29 2 
-29 2 2 2 -8 2 3 2 43 2 18 2 78 3 -28 2 29 2 
48 2 2 2 -8 2 2 2 45 2 18 2 86 3 -28 2 9 2 
53 2 2 2 -8 2 2 2 45 2 18 2 93 3 -28 2 9 2 
53 2 2 2 75 2 2 2 45 2 18 2 93 3 -28 2 9 2 
53 2 2 2 75 2 2 2 45 2 18 2 93 3 -28 2 9 2 
53 2 2 2 -9 2 2 2 45 2 20 2 15 3 -28 2 9 2 
53 2 2 2 -9 2 2 2 40 2 20 2 86 3 -28 2 17 2 
51 2 2 2 -9 2 2 2 46 2 -20 2 81 3 -28 2 25 2 
51 2 2 2 66 2 6 2 48 2 1 2 96 3 -28 2 93 2 
-45 2 2 2 66 2 3 2 48 2 1 2 93 3 -28 2 99 2 
-35 2 2 2 66 2 2 2 51 2 1 2 91 3 -28 2 99 2 
-41 2 2 2 -20 2 2 2 49 2 -62 2 91 3 -28 2 99 2 
-42 2 2 2 -20 2 2 2 49 2 22 2 94 3 -28 2 99 2 
-48 2 2 2 -20 2 3 2 44 2 -70 2 84 3 -28 2 45 2 
52 2 2 2 -20 2 2 2 47 2 -70 2 79 3 -28 2 13 2 
52 2 2 2 -20 2 2 2 47 2 -70 2 95 3 -28 2 13 2 
-46 2 2 2 -20 2 2 2 47 2 -70 2 95 3 -28 2 28 2 
-46 2 2 2 -5 2 2 2 43 2 67 2 2 3 -28 2 33 2 
51 2 2 2 -5 2 4 2 45 2 67 2 88 3 -28 2 33 2 
51 2 2 2 -5 2 6 2 47 2 -81 2 85 3 -28 2 26 2 
-44 2 2 2 -5 2 6 2 47 2 -69 2 85 3 -28 2 19 2 
-42 2 2 2 79 2 3 2 47 2 -22 2 77 3 -28 2 19 2 
-42 2 2 2 79 2 2 2 46 2 -28 2 85 3 -28 2 14 2 
-34 2 2 2 -14 2 4 2 44 2 -28 2 85 3 -28 2 24 2 
-34 2 2 2 -14 2 2 2 87 2 -24 2 85 3 -28 2 24 2 
97 2 2 2 -14 2 2 2 2 2 -24 2 48 3 2 2 77 2 
